DATOS ACTIVO
IDENTIFICACIÓN
N.º ACTIVO HAYA *
6987709
6986654
6987593
6988062
6047431
6996775
5927877
5936111
5950810
5950328
5950119
5946764
5945721
5941245
5939644
5938283
5937755
5952855
5935069
5931489
5931132
5930786
5956027
5929611
5950206
5926319
5925769
5925554
5924958
5930679
5966094
5957173
5958207
5958948
5960094
5949690
5962043
5963556
5963634
5964037
5956922
7001959
6988507
6988505
6988506
6062085
7000496
5934288
7001016
7001244
5946193
7001870
6990233
6988474
6762025
7001453
6351020
6060223
5941841
5966635
5941473
6994714
6998055
5926976
5960784
5943031
6987795
6986869
5955171
7001306
6992449
5953130
6990135
6990136
6990137
6990138
5927878
7001443
7001120
6989695
7002223
5937380
6765354
7001561
5942852
6984180
6990489
6992145
6992144
6992118
6992117
6992115
6990490
6990488
6990487
6992114
6990244
5934129
7001009
6999155
5944100
6989804
6990088
5950748
5931488
6990174
6982689
6998759
6981160
6982502
6982519
6980516
6982371
6982374
6985235
6982372
6981567
5965570
6982199
6982373
6982756
6999937
6985742
6986095
6992918
5944638
5936554
5941972
7001283
5933410
5943952
5961028
6999292
7001105
7001106
6997709
6996158
6995711
6987998
6979431
6993752
6993756
5938700
6989873
7000983
7001866
5949352
6990283
6995471
6990015
5932559
5969236
6762049
6762050
7002158
7002157
7002135
7002136
7002151
7002153
7002156
7002154
7002155
6993603
6995369
6995775
5954837
7000473
5931369
6788826
5969939
5945497
6985637
6986412
6987574
6985763
6987207
5964706
5961199
5936820
5944890
5944990
5947301
6781367
7002371
6780508
6824813
5927510
6988876
6988873
6995875
6984721
6984724
6984720
6984719
6981575
6979838
6997979
6997980
6988162
6995144
5956108
6707339
6984019
5971666
5971651
5971601
5971570
5971567
5971449
5971523
5964249
5945220
5959531
5961306
